130
1289
1263
1293
1238
1301
2240
2225
1938
2055
3775
4009
3958
3988
3982
4436
4422
4535
4685
3149
3206
4890
5092
5130
5069
5139
4749
4816
5644
5694
2949
8207
6026
6238
6208
6223
6207
5902
5880
6797
6919
8378
2745
7352
7348
7131
7336
7177
7017
7802
8049
7960
8398
9043
8188
3299
471
368
8907
3235
3347
8973
8708
571
8838
380
10471
10475
10414
10458
10299
11422
11407
11120
11237
12957
13153
13186
13161
13170
13618
13604
13717
13867
12331
12388
14072
14399	
14258
14316
14275
13931
13998
14826
14876
12131
17389
15208
15385
15412
15394
15427
15084
15062
15979
16101
17560
11927
16534
16491
16538
16475
16521
16199
16984
17231
17142
17580
18225
17370
12481
9653
9550
18089
12417
12523
18155
18069
9753
18020
9562